股票名称	代码	买入次数	卖出次数	买入总额	卖出总额	期末市值	手续费	净盈亏(元)
硅宝科技	300019.XSHE	35	22	578483	638453	0	1378	+58592
索通发展	603612.XSHG	20	21	394277	399513	54050	886	+58400
太极集团	600129.XSHG	32	37	323308	374111	0	841	+49962
涪陵电力	600452.XSHG	44	36	389743	440599	0	1034	+49822
云图控股	002539.XSHE	15	10	377522	238182	167844	648	+27856
阳谷华泰	300121.XSHE	13	10	133646	159451	0	367	+25438
云南能投	002053.XSHE	4	11	94560	118995	0	254	+24181
涪陵榨菜	002507.XSHE	5	7	97788	116317	0	239	+18290
博隆技术	603325.XSHG	5	6	341135	359623	0	740	+17748
鲁西化工	000830.XSHE	5	11	68228	83177	0	186	+14763
中泰股份	300435.XSHE	4	5	230225	189682	55550	436	+14571
秦安股份	603758.XSHG	32	28	250068	261308	0	667	+10573
凌玮科技	301373.XSHE	4	7	272446	280964	0	591	+7927
川环科技	300547.XSHE	3	4	17451	25081	0	58	+7572
常宝股份	002478.XSHE	22	20	216311	221780	0	564	+4905
利安隆	300596.XSHE	3	1	214736	55211	164619	244	+4850
莱美药业	300006.XSHE	1	2	27141	30401	0	64	+3196
花园生物	300401.XSHE	8	2	37686	39425	0	101	+1638
国林科技	300786.XSHE	16	10	132964	131628	0	333	-1669
双箭股份	002381.XSHE	14	6	162169	155268	0	378	-7279
华康股份	605077.XSHG	24	21	832380	819641	0	1773	-14512
再升科技	603601.XSHG	81	53	557509	509136	0	1479	-49852

合计净盈亏: +326972 元